       0.0000000       1000.0000       0.0000000           0            -NaN
       1000.0000       2000.0000       8569677.2     8515814       1.0063251
       2000.0000       3000.0000       8506416.9     8515883      0.99888842
       3000.0000       4000.0000       8455051.9     8518344      0.99256991
       4000.0000       5000.0000       8497526.8     8527828      0.99644679
       5000.0000       6000.0000       8555777.8     8501469       1.0063882
       6000.0000       7000.0000       1589153.0     1584513       1.0029283
       7000.0000       8000.0000       6941496.7     6931384       1.0014590
       8000.0000       9000.0000       39.198805          39       1.0050976
       9000.0000       10000.000       17.229346          17       1.0134910
       10000.000       11000.000       9.0128166           9       1.0014241
       11000.000       12000.000       12.994260          13      0.99955849
       12000.000       13000.000       9454.7842        9469      0.99849870
       13000.000       14000.000       1376354.6     1377307      0.99930850
       14000.000       15000.000       7116596.1     7128701      0.99830194
       15000.000       16000.000       362.65360         364      0.99630111
       16000.000       17000.000       16.146973          16       1.0091858
       17000.000       18000.000       15.251499          15       1.0167666
       18000.000       19000.000       9.2636505           9       1.0292945
       19000.000       20000.000       6.0815354           6       1.0135892
       20000.000       21000.000       7.0251287           7       1.0035898
       21000.000       22000.000       1606.4632        1600       1.0040395
       22000.000       23000.000       12619.598       12591       1.0022713
       23000.000       24000.000       338074.54      336527       1.0045986
       24000.000       25000.000       4450874.3     4436461       1.0032488
       25000.000       26000.000       3735772.1     3727200       1.0022999
       26000.000       27000.000       1447.1799        1447       1.0001243
       27000.000       28000.000       21.233641          21       1.0111257
       28000.000       29000.000       11.493749          11       1.0448863
       29000.000       30000.000       13.283056          13       1.0217735
       30000.000       31000.000       1588.9614        1562       1.0172608
       31000.000       32000.000       9282.0301        9139       1.0156505
       32000.000       33000.000       3964.5490        3909       1.0142106
       33000.000       34000.000       549661.05      540198       1.0175177
       34000.000       35000.000       3339798.2     3286173       1.0163184
       35000.000       36000.000       4575609.7     4505432       1.0155762
       36000.000       37000.000       171686.15      169351       1.0137888
       37000.000       38000.000       83.503027          82       1.0183296
       38000.000       39000.000       23.813106          23       1.0353524
       39000.000       40000.000       1039.8635        1020       1.0194740
       40000.000       41000.000       4158.4794        4082       1.0187358
       41000.000       42000.000       9079.3407        8931       1.0166096
       42000.000       43000.000       6029.9928        5901       1.0218595
       43000.000       44000.000       453388.07      444419       1.0201816
       44000.000       45000.000       2215977.4     2174812       1.0189282
       45000.000       46000.000       3145671.0     3088835       1.0184005
       46000.000       47000.000       2825448.0     2777208       1.0173699
       47000.000       48000.000       23390.444       23008       1.0166222
       48000.000       49000.000       2442.1600        2401       1.0171429
       49000.000       50000.000       109197.98      106691       1.0234976
       50000.000       51000.000       778337.60      761599       1.0219782
       51000.000       52000.000       2352455.3     2303884       1.0210824
       52000.000       53000.000       2788937.6     2732001       1.0208406
       53000.000       54000.000       2910035.2     2854058       1.0196132
       54000.000       55000.000       1188989.2     1169882       1.0163326
       55000.000       56000.000       2398825.9     2362305       1.0154599
       56000.000       57000.000       2895316.2     2850570       1.0156973
       57000.000       58000.000       2926787.1     2881479       1.0157239
       58000.000       59000.000       2108046.2     2068654       1.0190424
       59000.000       60000.000       2459968.1     2414296       1.0189174
       60000.000       61000.000       3366791.8     3307126       1.0180416
       61000.000       62000.000       1561633.3     1535040       1.0173242
       62000.000       63000.000       2216904.2     2180365       1.0167583
       63000.000       64000.000       2713191.2     2668277       1.0168326
       64000.000       65000.000       10825031.    10368529       1.0440277
